
A = 
[   2.000,   0.000,   1.000,  -4.000]
[   0.000,   1.000,   2.000,   3.000]
[   0.000,   2.000,   3.000,   0.000]
[   1.000,   2.000,   0.000,   3.000]

B = 
[   0.000,   0.000,   0.000,  -2.000]
[   0.000,   1.000,   2.000,   0.000]
[   0.000,   2.000,   4.000,   0.000]
[   1.000,  -6.000,   0.000,   2.000]

det(A) = -52.000000

det(B) = 0.000000

A+B = 
[   2.000,   0.000,   1.000,  -6.000]
[   0.000,   2.000,   4.000,   3.000]
[   0.000,   4.000,   7.000,   0.000]
[   2.000,  -4.000,   0.000,   5.000]

A-B = 
[   2.000,   0.000,   1.000,  -2.000]
[   0.000,   0.000,   0.000,   3.000]
[   0.000,   0.000,  -1.000,   0.000]
[   0.000,   8.000,   0.000,   1.000]

A*B = 
[  -4.000,  26.000,   4.000, -12.000]
[   3.000, -13.000,  10.000,   6.000]
[   0.000,   8.000,  16.000,   0.000]
[   3.000, -16.000,   4.000,   4.000]

b = 
[  -1.000,   2.000,   4.000,   6.000]

Ax = b (unsolved)
2.000 x1 + x3 - 4.000 x4 = -1.000 (1)
x2 + 2.000 x3 + 3.000 x4 = 2.000 (2)
2.000 x2 + 3.000 x3 = 4.000 (3)
x1 + 2.000 x2 + 3.000 x4 = 6.000 (4)

Ax = b (solved)
x1 = -0.019 (1)
x2 = 2.865 (2)
x3 = -0.577 (3)
x4 = 0.096 (4)

A^-1 = 
[   0.404,   0.346,  -0.365,   0.192]
[  -0.173,  -0.577,   0.442,   0.346]
[   0.115,   0.385,   0.038,  -0.231]
[  -0.019,   0.269,  -0.173,   0.038]

A*A^-1 = 
[   1.000,  -0.000,  -0.000,   0.000]
[   0.000,   1.000,  -0.000,  -0.000]
[   0.000,  -0.000,   1.000,   0.000]
[   0.000,   0.000,   0.000,   1.000]
